>CACGTG	MA0004.1:::ARNT	5.64
0.200	0.800	0.000	0.000
0.950	0.000	0.050	0.000
0.000	1.000	0.000	0.000
0.000	0.000	1.000	0.000
0.000	0.000	0.000	1.000
0.000	0.000	1.000	0.000

>TTCACGCATGAGTT	MA0069.1:::PAX6	5.64
0.047	0.093	0.093	0.767
0.047	0.047	0.000	0.907
0.093	0.605	0.023	0.279
0.907	0.047	0.023	0.023
0.070	0.791	0.023	0.116
0.023	0.000	0.953	0.023
0.023	0.860	0.093	0.023
0.488	0.047	0.047	0.419
0.023	0.093	0.023	0.860
0.047	0.326	0.581	0.047
0.837	0.000	0.140	0.023
0.256	0.256	0.302	0.186
0.023	0.116	0.070	0.791
0.023	0.000	0.395	0.581

>ATCAAGGTCA	MA0071.1:::RORA	5.64
0.600	0.040	0.080	0.280
0.360	0.040	0.000	0.600
0.240	0.480	0.160	0.120
0.440	0.080	0.200	0.280
0.840	0.000	0.160	0.000
0.000	0.000	1.000	0.000
0.000	0.000	1.000	0.000
0.000	0.000	0.000	1.000
0.000	1.000	0.000	0.000
1.000	0.000	0.000	0.000

>GGGTCAACGAGTTCA	MA0074.1:::RXRA::VDR	5.64
0.300	0.000	0.700	0.000
0.000	0.000	1.000	0.000
0.000	0.000	0.900	0.100
0.000	0.000	0.000	1.000
0.000	0.900	0.000	0.100
0.900	0.000	0.100	0.000
0.400	0.200	0.000	0.400
0.200	0.400	0.200	0.200
0.200	0.000	0.800	0.000
0.500	0.000	0.500	0.000
0.000	0.000	1.000	0.000
0.000	0.000	0.000	1.000
0.100	0.000	0.000	0.900
0.000	0.900	0.000	0.100
0.700	0.100	0.200	0.000

>GGGGATTTCC	MA0101.1:::REL	5.64
0.000	0.294	0.471	0.235
0.000	0.059	0.882	0.059
0.059	0.000	0.882	0.059
0.294	0.059	0.529	0.118
0.353	0.294	0.176	0.176
0.294	0.059	0.059	0.588
0.059	0.000	0.000	0.941
0.118	0.000	0.000	0.882
0.000	0.882	0.000	0.118
0.059	0.941	0.000	0.000

>GGGAATTTCC	MA0107.1:::RELA	5.64
0.000	0.222	0.611	0.167
0.000	0.000	0.944	0.056
0.000	0.000	1.000	0.000
0.611	0.000	0.389	0.000
0.556	0.167	0.222	0.056
0.111	0.000	0.000	0.889
0.000	0.000	0.000	1.000
0.000	0.111	0.000	0.889
0.000	1.000	0.000	0.000
0.000	1.000	0.000	0.000

>AGGGTAACAGC	MA0111.1:::SPZ1	5.64
0.750	0.000	0.250	0.000
0.000	0.167	0.750	0.083
0.167	0.000	0.833	0.000
0.000	0.000	0.917	0.083
0.083	0.000	0.083	0.833
0.667	0.000	0.000	0.333
0.500	0.000	0.167	0.333
0.083	0.750	0.167	0.000
0.833	0.000	0.167	0.000
0.000	0.083	0.750	0.167
0.167	0.667	0.167	0.000

>AAAGGTCAAAGGTCAAC	MA0115.1:::NR1H2::RXRA	5.64
0.680	0.200	0.000	0.120
0.680	0.040	0.200	0.080
0.800	0.000	0.200	0.000
0.000	0.000	1.000	0.000
0.000	0.000	0.960	0.040
0.000	0.000	0.000	1.000
0.000	1.000	0.000	0.000
1.000	0.000	0.000	0.000
0.960	0.000	0.000	0.040
1.000	0.000	0.000	0.000
0.000	0.000	1.000	0.000
0.000	0.000	1.000	0.000
0.000	0.000	0.000	1.000
0.000	1.000	0.000	0.000
1.000	0.000	0.000	0.000
0.800	0.040	0.080	0.080
0.000	0.600	0.240	0.160

>TGGCACCATGCCAA	MA0119.1:::NFIC::TLX1	5.64
0.000	0.000	0.000	1.000
0.000	0.000	1.000	0.000
0.000	0.000	1.000	0.000
0.000	1.000	0.000	0.000
0.875	0.062	0.000	0.062
0.125	0.500	0.312	0.062
0.125	0.500	0.250	0.125
0.438	0.062	0.312	0.188
0.250	0.188	0.125	0.438
0.000	0.000	1.000	0.000
0.000	1.000	0.000	0.000
0.000	1.000	0.000	0.000
1.000	0.000	0.000	0.000
0.875	0.000	0.062	0.062

>ATCCAC	MA0130.1:::ZNF354C	5.64
0.438	0.375	0.188	0.000
0.188	0.125	0.000	0.688
0.000	1.000	0.000	0.000
0.000	1.000	0.000	0.000
1.000	0.000	0.000	0.000
0.000	0.938	0.062	0.000

>CTTTGTTATGCAAAT	MA0142.1:::POU5F1::SOX2	5.64
0.046	0.620	0.048	0.285
0.424	0.042	0.020	0.513
0.008	0.037	0.026	0.929
0.034	0.009	0.058	0.899
0.086	0.265	0.603	0.046
0.303	0.013	0.021	0.663
0.150	0.267	0.136	0.447
0.902	0.022	0.018	0.058
0.012	0.004	0.011	0.973
0.007	0.012	0.905	0.076
0.010	0.752	0.094	0.143
0.769	0.012	0.022	0.197
0.651	0.050	0.231	0.068
0.882	0.024	0.055	0.039
0.145	0.087	0.152	0.615

>GGAAGGAAGGAAGGAAGG	MA0149.1:::EWSR1-FLI1	5.64
0.000	0.000	1.000	0.000
0.019	0.000	0.981	0.000
0.990	0.000	0.010	0.000
0.990	0.000	0.010	0.000
0.010	0.000	0.990	0.000
0.019	0.000	0.971	0.010
0.981	0.000	0.019	0.000
0.971	0.000	0.029	0.000
0.000	0.000	0.990	0.010
0.000	0.019	0.981	0.000
0.943	0.038	0.019	0.000
1.000	0.000	0.000	0.000
0.000	0.000	1.000	0.000
0.000	0.019	0.981	0.000
0.952	0.029	0.000	0.019
0.971	0.000	0.019	0.010
0.048	0.000	0.924	0.029
0.029	0.029	0.924	0.019

>ATTAAA	MA0151.1:::ARID3A	5.64
1.000	0.000	0.000	0.000
0.000	0.000	0.000	1.000
0.037	0.333	0.000	0.630
1.000	0.000	0.000	0.000
1.000	0.000	0.000	0.000
0.741	0.000	0.037	0.222

>TGTCAGGGGGCG	MA0155.1:::INSM1	5.64
0.042	0.000	0.167	0.792
0.000	0.000	0.833	0.167
0.000	0.333	0.125	0.542
0.250	0.625	0.000	0.125
0.667	0.000	0.000	0.333
0.000	0.000	1.000	0.000
0.000	0.042	0.958	0.000
0.000	0.000	1.000	0.000
0.000	0.000	1.000	0.000
0.000	0.083	0.667	0.250
0.125	0.667	0.000	0.208
0.417	0.000	0.500	0.083

>AGGTCACGGAGAGGTCA	MA0159.1:::RARA::RXRA	5.64
0.522	0.000	0.478	0.000
0.000	0.000	1.000	0.000
0.043	0.000	0.565	0.391
0.000	0.000	0.043	0.957
0.000	0.783	0.130	0.087
0.957	0.000	0.043	0.000
0.174	0.304	0.217	0.304
0.217	0.348	0.391	0.043
0.217	0.174	0.478	0.130
0.565	0.043	0.304	0.087
0.217	0.261	0.522	0.000
0.739	0.130	0.130	0.000
0.043	0.043	0.870	0.043
0.000	0.043	0.696	0.261
0.087	0.043	0.130	0.739
0.043	0.739	0.130	0.087
0.913	0.000	0.043	0.043

>GGGGCCCAAGGGGG	MA0163.1:::PLAG1	5.64
0.000	0.000	1.000	0.000
0.167	0.000	0.778	0.056
0.000	0.000	1.000	0.000
0.000	0.000	0.944	0.056
0.000	0.778	0.222	0.000
0.000	0.833	0.056	0.111
0.222	0.556	0.056	0.167
0.667	0.000	0.000	0.333
0.611	0.278	0.111	0.000
0.111	0.000	0.778	0.111
0.000	0.000	1.000	0.000
0.000	0.000	1.000	0.000
0.000	0.000	0.889	0.111
0.111	0.000	0.889	0.000

>CCAGTTCAAACCAG	MA0145.2:::TFCP2L1	5.64
0.002	0.926	0.063	0.010
0.070	0.811	0.005	0.114
0.597	0.005	0.274	0.124
0.006	0.024	0.967	0.003
0.174	0.338	0.025	0.463
0.098	0.290	0.062	0.550
0.173	0.399	0.151	0.277
0.357	0.225	0.251	0.166
0.632	0.070	0.191	0.108
0.394	0.052	0.309	0.245
0.004	0.933	0.055	0.008
0.062	0.815	0.003	0.120
0.540	0.007	0.302	0.150
0.012	0.029	0.955	0.004

>TAATTTAATCA	MA0468.1:::DUX4	5.64
0.191	0.065	0.026	0.718
0.968	0.000	0.032	0.000
1.000	0.000	0.000	0.000
0.137	0.305	0.052	0.505
0.000	0.431	0.130	0.438
0.000	0.365	0.160	0.475
0.923	0.076	0.000	0.001
1.000	0.000	0.000	0.000
0.000	0.000	0.000	1.000
0.000	0.979	0.000	0.021
0.884	0.000	0.000	0.116

>CCATTGTTTT	MA0515.1:::SOX6	5.64
0.016	0.558	0.201	0.225
0.000	0.888	0.000	0.112
0.647	0.000	0.000	0.353
0.000	0.000	0.000	1.000
0.000	0.000	0.000	1.000
0.000	0.000	1.000	0.000
0.000	0.000	0.000	1.000
0.000	0.462	0.020	0.518
0.016	0.450	0.000	0.534
0.056	0.305	0.124	0.514

>AGGTCACCCTGACCT	MA0258.2:::ESR2	5.64
0.656	0.012	0.311	0.021
0.052	0.000	0.870	0.078
0.007	0.000	0.988	0.005
0.009	0.018	0.120	0.853
0.000	0.925	0.065	0.011
0.982	0.000	0.007	0.011
0.061	0.510	0.332	0.097
0.254	0.392	0.205	0.149
0.219	0.305	0.264	0.213
0.194	0.118	0.065	0.623
0.136	0.048	0.808	0.008
0.398	0.249	0.169	0.184
0.053	0.785	0.044	0.119
0.135	0.710	0.000	0.155
0.101	0.329	0.074	0.497

>ATCACCCCAC	MA0595.1:::SREBF1	5.64
0.483	0.241	0.276	0.000
0.000	0.000	0.000	1.000
0.000	1.000	0.000	0.000
1.000	0.000	0.000	0.000
0.000	0.879	0.121	0.000
0.103	0.655	0.224	0.017
0.000	0.759	0.000	0.241
0.034	0.776	0.190	0.000
1.000	0.000	0.000	0.000
0.000	0.448	0.121	0.431

>ATGGGGTGAT	MA0596.1:::SREBF2	5.64
0.511	0.191	0.298	0.000
0.000	0.000	0.000	1.000
0.000	0.064	0.936	0.000
0.213	0.000	0.787	0.000
0.043	0.213	0.574	0.170
0.043	0.191	0.766	0.000
0.000	0.000	0.000	1.000
0.000	0.000	1.000	0.000
1.000	0.000	0.000	0.000
0.043	0.340	0.043	0.574

>GCCCCGCCCC	MA0599.1:::KLF5	5.64
0.105	0.149	0.556	0.190
0.000	0.874	0.000	0.126
0.000	0.882	0.000	0.118
0.255	0.703	0.000	0.042
0.000	1.000	0.000	0.000
0.371	0.000	0.381	0.248
0.000	1.000	0.000	0.000
0.000	1.000	0.000	0.000
0.000	0.965	0.000	0.035
0.288	0.411	0.000	0.301

>ATGACGTA	MA0604.1:::ATF1	5.64
0.462	0.086	0.387	0.065
0.024	0.016	0.000	0.960
0.000	0.022	0.803	0.175
1.000	0.000	0.000	0.000
0.000	1.000	0.000	0.000
0.007	0.000	0.993	0.000
0.090	0.198	0.000	0.712
0.599	0.138	0.163	0.100

>GCCACGTGT	MA0608.1:::CREB3L2	5.64
0.002	0.002	0.746	0.250
0.250	0.623	0.001	0.126
0.001	0.872	0.126	0.001
0.997	0.001	0.001	0.001
0.001	0.997	0.001	0.001
0.001	0.001	0.997	0.001
0.001	0.001	0.001	0.997
0.001	0.143	0.855	0.001
0.250	0.002	0.250	0.498

>GTAAACAA	MA0613.1:::FOXG1	5.64
0.374	0.001	0.624	0.001
0.001	0.001	0.001	0.997
0.997	0.001	0.001	0.001
0.997	0.001	0.001	0.001
0.997	0.001	0.001	0.001
0.001	0.997	0.001	0.001
0.997	0.001	0.001	0.001
0.498	0.167	0.002	0.333

>GTAAACAA	MA0614.1:::FOXJ2	5.64
0.461	0.000	0.539	0.000
0.050	0.025	0.000	0.925
0.795	0.205	0.000	0.000
0.978	0.000	0.000	0.022
1.000	0.000	0.000	0.000
0.000	0.954	0.000	0.046
1.000	0.000	0.000	0.000
0.594	0.125	0.125	0.156

>GTCACGTGAC	MA0636.1:::BHLHE41	5.64
0.302	0.109	0.582	0.006
0.013	0.002	0.243	0.741
0.000	0.999	0.001	0.000
0.994	0.002	0.004	0.001
0.000	0.999	0.000	0.001
0.000	0.000	0.999	0.000
0.003	0.003	0.003	0.991
0.000	0.000	1.000	0.000
0.816	0.180	0.001	0.003
0.009	0.648	0.115	0.228

>AACCCGGAAGTG	MA0641.1:::ELF4	5.64
0.565	0.103	0.151	0.181
0.748	0.077	0.016	0.158
0.151	0.710	0.057	0.081
0.015	0.889	0.094	0.001
0.051	0.943	0.006	0.000
0.001	0.000	0.999	0.000
0.000	0.000	0.998	0.002
0.995	0.000	0.003	0.003
0.985	0.007	0.003	0.005
0.034	0.014	0.947	0.005
0.004	0.052	0.026	0.918
0.379	0.078	0.436	0.106

>GTAAACA	MA0042.2:::FOXI1	5.64
0.106	0.007	0.887	0.000
0.014	0.011	0.007	0.968
0.900	0.094	0.006	0.000
0.996	0.004	0.000	0.000
0.978	0.004	0.005	0.012
0.025	0.836	0.008	0.131
0.993	0.002	0.005	0.000

>GTAAACA	MA0033.2:::FOXL1	5.64
0.426	0.003	0.543	0.028
0.002	0.080	0.000	0.918
0.875	0.115	0.010	0.000
0.989	0.008	0.000	0.003
0.973	0.017	0.010	0.000
0.000	0.779	0.000	0.221
0.985	0.011	0.000	0.004

>GTTAATGATTAAC	MA0153.2:::HNF1B	5.64
0.044	0.029	0.880	0.046
0.015	0.072	0.041	0.872
0.140	0.085	0.019	0.756
0.985	0.000	0.013	0.002
0.942	0.036	0.004	0.019
0.058	0.024	0.002	0.916
0.211	0.300	0.312	0.178
0.947	0.002	0.018	0.032
0.039	0.012	0.047	0.903
0.003	0.021	0.000	0.976
0.771	0.020	0.132	0.078
0.889	0.042	0.057	0.012
0.054	0.513	0.022	0.411

>TTCTAGAACGTTC	MA0486.2:::HSF1	5.64
0.041	0.012	0.016	0.931
0.007	0.003	0.011	0.978
0.006	0.984	0.006	0.003
0.002	0.175	0.116	0.707
0.642	0.187	0.169	0.001
0.000	0.000	1.000	0.000
0.988	0.005	0.001	0.005
0.977	0.003	0.003	0.018
0.048	0.489	0.109	0.353
0.337	0.131	0.407	0.126
0.017	0.003	0.000	0.980
0.004	0.001	0.003	0.992
0.002	0.993	0.002	0.003

>AACGAAACCGAAACT	MA0653.1:::IRF9	5.64
0.944	0.014	0.012	0.030
0.574	0.119	0.049	0.258
0.013	0.945	0.009	0.032
0.012	0.001	0.986	0.001
0.998	0.001	0.000	0.000
0.999	0.000	0.000	0.001
0.999	0.001	0.000	0.000
0.012	0.933	0.053	0.002
0.004	0.804	0.000	0.193
0.001	0.000	0.999	0.000
0.999	0.001	0.000	0.000
0.994	0.000	0.000	0.006
0.999	0.000	0.000	0.001
0.001	0.934	0.064	0.001
0.028	0.316	0.002	0.654

>ATGACTCAT	MA0655.1:::JDP2	5.64
0.907	0.011	0.078	0.004
0.003	0.004	0.001	0.993
0.000	0.002	0.985	0.013
0.983	0.001	0.001	0.015
0.008	0.722	0.261	0.008
0.004	0.000	0.004	0.993
0.013	0.980	0.002	0.005
0.996	0.000	0.000	0.004
0.011	0.196	0.002	0.791

>GCTATAAATAGC	MA0660.1:::MEF2B	5.64
0.372	0.019	0.474	0.135
0.006	0.991	0.000	0.004
0.000	0.008	0.000	0.992
0.995	0.000	0.000	0.005
0.474	0.001	0.000	0.525
0.814	0.000	0.003	0.183
0.955	0.001	0.001	0.043
0.986	0.000	0.000	0.014
0.000	0.000	0.000	1.000
0.997	0.001	0.001	0.001
0.030	0.006	0.963	0.001
0.270	0.569	0.026	0.135

>ATCACGTGAT	MA0663.1:::MLX	5.64
0.533	0.012	0.331	0.123
0.000	0.043	0.152	0.805
0.011	0.962	0.011	0.015
0.975	0.000	0.025	0.000
0.000	1.000	0.000	0.000
0.002	0.000	0.996	0.002
0.006	0.003	0.003	0.987
0.004	0.000	0.988	0.009
0.800	0.030	0.117	0.053
0.066	0.241	0.017	0.675

>AACAGCTGTT	MA0665.1:::MSC	5.64
0.734	0.000	0.191	0.074
0.821	0.143	0.036	0.000
0.000	0.945	0.041	0.014
1.000	0.000	0.000	0.000
0.000	0.148	0.852	0.000
0.000	0.958	0.042	0.000
0.000	0.000	0.000	1.000
0.000	0.000	0.945	0.055
0.035	0.116	0.047	0.802
0.000	0.110	0.049	0.841

>AACAGCTGTT	MA0667.1:::MYF6	5.64
0.833	0.023	0.131	0.013
0.912	0.037	0.049	0.002
0.000	1.000	0.000	0.000
0.978	0.007	0.015	0.000
0.348	0.066	0.560	0.026
0.026	0.774	0.077	0.123
0.024	0.000	0.000	0.976
0.000	0.004	0.996	0.000
0.004	0.047	0.000	0.949
0.000	0.261	0.011	0.728

>AACATATGTC	MA0669.1:::NEUROG2	5.64
0.575	0.005	0.421	0.000
0.665	0.234	0.101	0.000
0.002	0.986	0.000	0.012
0.993	0.000	0.007	0.000
0.009	0.011	0.044	0.936
0.970	0.018	0.011	0.000
0.012	0.007	0.000	0.982
0.000	0.000	1.000	0.000
0.004	0.228	0.197	0.571
0.000	0.721	0.000	0.279

>AAAAGTCAA	MA0676.1:::NR2E1	5.64
0.572	0.125	0.098	0.205
0.552	0.044	0.221	0.182
0.902	0.001	0.082	0.015
0.934	0.000	0.062	0.004
0.034	0.000	0.959	0.007
0.000	0.049	0.000	0.951
0.009	0.892	0.010	0.089
1.000	0.000	0.000	0.000
0.693	0.081	0.073	0.153

>ACCATATGGT	MA0678.1:::OLIG2	5.64
0.770	0.043	0.135	0.052
0.385	0.526	0.080	0.009
0.044	0.954	0.002	0.000
0.954	0.001	0.031	0.013
0.000	0.000	0.000	1.000
0.973	0.013	0.011	0.002
0.012	0.089	0.000	0.899
0.006	0.002	0.925	0.067
0.002	0.197	0.431	0.370
0.058	0.275	0.023	0.643

>CTAATTAG	MA0068.2:::PAX4	5.64
0.071	0.638	0.090	0.201
0.107	0.055	0.222	0.616
0.985	0.006	0.000	0.009
1.000	0.000	0.000	0.000
0.000	0.000	0.015	0.985
0.048	0.030	0.027	0.895
0.748	0.200	0.025	0.027
0.243	0.151	0.540	0.066

>GGGGTCAAAGGTCA	MA0512.2:::RXRA	5.64
0.249	0.100	0.610	0.041
0.410	0.004	0.584	0.001
0.003	0.002	0.991	0.004
0.003	0.002	0.888	0.107
0.001	0.003	0.009	0.987
0.002	0.930	0.012	0.056
0.996	0.001	0.003	0.000
0.972	0.002	0.018	0.008
0.969	0.002	0.029	0.000
0.001	0.002	0.996	0.001
0.002	0.002	0.916	0.080
0.001	0.003	0.007	0.989
0.001	0.952	0.008	0.039
0.944	0.003	0.052	0.001

>TGACCATATATGGTCA	MA0083.3:::SRF	5.64
0.138	0.081	0.052	0.729
0.043	0.087	0.656	0.213
0.405	0.394	0.093	0.108
0.000	0.992	0.008	0.000
0.002	0.982	0.006	0.010
0.925	0.011	0.015	0.050
0.033	0.000	0.004	0.963
0.998	0.000	0.002	0.000
0.001	0.003	0.005	0.991
0.986	0.000	0.000	0.014
0.288	0.008	0.000	0.704
0.004	0.005	0.991	0.000
0.004	0.001	0.991	0.004
0.152	0.061	0.389	0.398
0.214	0.649	0.092	0.046
0.691	0.048	0.074	0.188

>TCACACCTAGGTGTGA	MA0009.2:::TBXT	5.64
0.007	0.022	0.003	0.968
0.261	0.556	0.154	0.030
0.693	0.010	0.257	0.039
0.000	1.000	0.000	0.000
0.967	0.000	0.033	0.000
0.037	0.875	0.019	0.069
0.248	0.482	0.182	0.088
0.079	0.076	0.027	0.818
0.802	0.023	0.095	0.080
0.090	0.170	0.493	0.247
0.079	0.016	0.862	0.043
0.000	0.027	0.002	0.971
0.002	0.000	0.998	0.000
0.057	0.264	0.008	0.671
0.036	0.120	0.684	0.160
0.968	0.003	0.026	0.004

>TAGGTGTGAAG	MA0689.1:::TBX20	5.64
0.344	0.007	0.212	0.437
0.850	0.034	0.080	0.036
0.073	0.050	0.839	0.038
0.000	0.000	0.935	0.065
0.000	0.000	0.017	0.983
0.000	0.002	0.991	0.007
0.014	0.002	0.019	0.966
0.067	0.014	0.803	0.115
0.971	0.002	0.010	0.017
0.705	0.020	0.065	0.210
0.269	0.105	0.524	0.103

>AACAGCTGAT	MA0691.1:::TFAP4	5.64
0.763	0.111	0.075	0.051
0.536	0.135	0.015	0.314
0.000	1.000	0.000	0.000
0.999	0.001	0.000	0.000
0.001	0.024	0.971	0.004
0.006	0.978	0.014	0.002
0.000	0.000	0.000	0.999
0.000	0.000	1.000	0.000
0.468	0.029	0.086	0.417
0.062	0.141	0.090	0.708

>GACCCCCCGCTGTG	MA0696.1:::ZIC1	5.64
0.028	0.099	0.647	0.226
0.692	0.081	0.226	0.001
0.028	0.966	0.002	0.004
0.041	0.944	0.007	0.009
0.089	0.869	0.011	0.032
0.000	1.000	0.000	0.000
0.006	0.993	0.000	0.000
0.001	0.640	0.000	0.359
0.063	0.001	0.935	0.000
0.001	0.792	0.013	0.195
0.034	0.049	0.155	0.761
0.002	0.001	0.997	0.000
0.109	0.268	0.059	0.564
0.001	0.014	0.913	0.072

>TAATTTAATTA	MA0713.1:::PHOX2A	5.64
0.141	0.081	0.032	0.746
0.805	0.016	0.108	0.070
0.997	0.000	0.003	0.000
0.076	0.248	0.035	0.641
0.044	0.369	0.160	0.426
0.093	0.339	0.060	0.508
0.789	0.050	0.131	0.030
0.947	0.016	0.026	0.011
0.000	0.001	0.000	0.999
0.085	0.058	0.006	0.852
0.809	0.016	0.058	0.117

>TAATTTAATTA	MA0715.1:::PROP1	5.64
0.095	0.018	0.015	0.871
0.981	0.000	0.000	0.019
0.997	0.000	0.003	0.000
0.061	0.058	0.027	0.854
0.045	0.335	0.032	0.588
0.318	0.099	0.135	0.448
0.890	0.059	0.000	0.051
0.913	0.005	0.073	0.010
0.003	0.000	0.000	0.997
0.021	0.029	0.010	0.940
0.903	0.000	0.024	0.074

>ACCGATTAG	MA0724.1:::VENTX	5.64
0.725	0.041	0.081	0.153
0.271	0.379	0.189	0.161
0.020	0.841	0.000	0.139
0.258	0.187	0.534	0.021
0.989	0.008	0.000	0.003
0.000	0.000	0.000	1.000
0.000	0.000	0.000	1.000
1.000	0.000	0.000	0.000
0.329	0.026	0.563	0.082

>GAGGTCAAAAGGTCA	MA0728.1:::NR2F6	5.64
0.347	0.056	0.597	0.000
0.826	0.000	0.165	0.009
0.000	0.000	1.000	0.000
0.005	0.000	0.995	0.000
0.000	0.000	0.003	0.997
0.000	0.928	0.001	0.071
0.941	0.057	0.000	0.002
0.953	0.009	0.016	0.021
0.519	0.000	0.296	0.186
1.000	0.000	0.000	0.000
0.000	0.000	1.000	0.000
0.000	0.000	0.969	0.031
0.005	0.000	0.000	0.995
0.000	0.996	0.000	0.004
0.980	0.000	0.020	0.000

>GAGGTCAAAAGGTCAATG	MA0729.1:::RARA	5.64
0.326	0.001	0.668	0.005
0.934	0.002	0.064	0.000
0.000	0.000	1.000	0.000
0.001	0.000	0.974	0.025
0.000	0.009	0.002	0.989
0.003	0.962	0.035	0.000
0.992	0.000	0.008	0.000
0.735	0.000	0.039	0.226
0.929	0.000	0.005	0.065
0.983	0.009	0.008	0.000
0.000	0.000	0.999	0.001
0.000	0.000	0.882	0.118
0.005	0.000	0.000	0.995
0.000	0.997	0.000	0.003
0.998	0.000	0.002	0.000
0.686	0.046	0.038	0.230
0.004	0.000	0.409	0.588
0.000	0.208	0.409	0.383

>AGGTCATGCAAAGGTCA	MA0730.1:::RARA	5.64
0.764	0.017	0.219	0.000
0.000	0.000	0.999	0.001
0.000	0.001	0.952	0.047
0.005	0.009	0.014	0.971
0.005	0.980	0.004	0.010
0.980	0.011	0.008	0.001
0.221	0.291	0.062	0.426
0.147	0.298	0.402	0.154
0.099	0.457	0.106	0.339
0.641	0.078	0.131	0.150
0.732	0.012	0.251	0.005
0.797	0.011	0.191	0.001
0.001	0.000	0.996	0.003
0.001	0.005	0.971	0.024
0.007	0.009	0.011	0.972
0.002	0.974	0.013	0.011
0.975	0.002	0.016	0.007

>TGCTTTCTAGGAATTCA	MA0731.1:::BCL6B	5.64
0.000	0.084	0.000	0.916
0.016	0.000	0.979	0.005
0.000	0.995	0.000	0.005
0.000	0.000	0.000	1.000
0.000	0.000	0.000	1.000
0.000	0.000	0.009	0.991
0.000	1.000	0.000	0.000
0.000	0.046	0.131	0.823
1.000	0.000	0.000	0.000
0.000	0.000	1.000	0.000
0.000	0.000	1.000	0.000
0.993	0.000	0.007	0.000
1.000	0.000	0.000	0.000
0.000	0.009	0.000	0.991
0.000	0.070	0.000	0.930
0.310	0.666	0.025	0.000
0.545	0.435	0.021	0.000

>ACGCCCACGCA	MA0472.2:::EGR2	5.64
0.558	0.328	0.045	0.069
0.000	0.939	0.017	0.044
0.069	0.000	0.878	0.052
0.004	0.963	0.015	0.018
0.015	0.968	0.009	0.008
0.000	0.823	0.021	0.155
0.940	0.048	0.011	0.001
0.000	0.984	0.001	0.014
0.025	0.000	0.936	0.040
0.002	0.919	0.012	0.067
0.605	0.055	0.190	0.150

>GACCCCCCGCGAAG	MA0736.1:::GLIS2	5.64
0.046	0.110	0.573	0.271
0.783	0.091	0.125	0.001
0.003	0.990	0.003	0.005
0.004	0.995	0.000	0.001
0.006	0.981	0.000	0.013
0.002	0.998	0.000	0.000
0.050	0.946	0.000	0.004
0.043	0.874	0.001	0.082
0.297	0.009	0.659	0.036
0.003	0.915	0.024	0.058
0.313	0.025	0.619	0.044
0.503	0.017	0.243	0.237
0.415	0.270	0.114	0.201
0.011	0.142	0.799	0.048

>GACCCCCCACGAAG	MA0737.1:::GLIS3	5.64
0.008	0.042	0.687	0.263
0.966	0.005	0.030	0.000
0.000	0.993	0.003	0.003
0.000	1.000	0.000	0.000
0.006	0.966	0.000	0.028
0.000	0.997	0.000	0.003
0.020	0.980	0.000	0.000
0.000	0.913	0.000	0.087
0.920	0.001	0.070	0.009
0.004	0.887	0.035	0.074
0.233	0.018	0.669	0.080
0.815	0.003	0.048	0.134
0.692	0.178	0.013	0.117
0.000	0.025	0.968	0.006

>GCCACGCCCCC	MA0741.1:::KLF16	5.64
0.218	0.175	0.528	0.079
0.333	0.596	0.028	0.043
0.036	0.934	0.003	0.026
0.700	0.281	0.019	0.000
0.039	0.940	0.010	0.011
0.185	0.064	0.600	0.150
0.005	0.995	0.000	0.000
0.001	0.994	0.005	0.000
0.009	0.933	0.002	0.056
0.262	0.703	0.011	0.024
0.016	0.791	0.011	0.182

>TTTTCCCGCCAAAA	MA0758.1:::E2F7	5.64
0.211	0.068	0.173	0.548
0.040	0.007	0.019	0.934
0.000	0.003	0.000	0.997
0.000	0.001	0.000	0.999
0.000	0.998	0.002	0.000
0.000	0.990	0.010	0.000
0.000	1.000	0.000	0.000
0.002	0.001	0.997	0.000
0.000	1.000	0.000	0.000
0.000	0.982	0.017	0.001
0.995	0.000	0.000	0.005
0.989	0.001	0.003	0.006
0.950	0.002	0.000	0.048
0.673	0.002	0.002	0.323

>TTCTAGAACGTTC	MA0770.1:::HSF2	5.64
0.050	0.011	0.026	0.914
0.007	0.001	0.014	0.978
0.005	0.994	0.001	0.000
0.000	0.169	0.070	0.760
0.701	0.124	0.174	0.000
0.001	0.000	0.999	0.000
0.975	0.015	0.001	0.009
0.960	0.000	0.007	0.033
0.053	0.441	0.198	0.308
0.313	0.147	0.379	0.160
0.041	0.020	0.025	0.914
0.013	0.026	0.013	0.947
0.024	0.848	0.031	0.097

>TTCTAGAACGTTC	MA0771.1:::HSF4	5.64
0.136	0.073	0.079	0.713
0.061	0.008	0.083	0.848
0.009	0.973	0.011	0.007
0.004	0.244	0.184	0.568
0.533	0.212	0.253	0.002
0.000	0.001	0.998	0.001
0.854	0.071	0.004	0.071
0.805	0.033	0.030	0.132
0.135	0.366	0.217	0.282
0.258	0.221	0.330	0.191
0.109	0.024	0.032	0.835
0.030	0.008	0.013	0.949
0.009	0.961	0.010	0.020

>ACTATAAATAGA	MA0773.1:::MEF2D	5.64
0.365	0.019	0.333	0.283
0.005	0.986	0.000	0.009
0.001	0.004	0.000	0.996
0.997	0.001	0.000	0.001
0.479	0.000	0.000	0.520
0.881	0.001	0.000	0.118
0.964	0.000	0.000	0.036
0.988	0.000	0.000	0.012
0.000	0.000	0.000	1.000
0.999	0.000	0.001	0.000
0.055	0.003	0.941	0.001
0.496	0.402	0.011	0.091

>TTGACAGC	MA0774.1:::MEIS2	5.64
0.175	0.113	0.134	0.578
0.022	0.002	0.028	0.948
0.000	0.000	1.000	0.000
0.938	0.002	0.017	0.043
0.007	0.990	0.000	0.004
0.992	0.005	0.003	0.000
0.052	0.061	0.845	0.042
0.098	0.439	0.407	0.055

>ACCGTTAACGGT	MA0776.1:::MYBL1	5.64
0.721	0.011	0.177	0.091
0.124	0.792	0.044	0.040
0.094	0.808	0.097	0.000
0.022	0.003	0.974	0.002
0.004	0.012	0.000	0.984
0.004	0.004	0.000	0.992
0.988	0.000	0.005	0.006
0.981	0.008	0.011	0.000
0.006	0.988	0.000	0.005
0.032	0.343	0.437	0.187
0.125	0.092	0.559	0.225
0.150	0.346	0.018	0.485

>AACCGTTAAACGGTC	MA0777.1:::MYBL2	5.64
0.601	0.026	0.342	0.031
0.485	0.048	0.284	0.183
0.060	0.854	0.059	0.027
0.069	0.790	0.122	0.019
0.004	0.000	0.995	0.001
0.007	0.005	0.019	0.969
0.000	0.007	0.000	0.993
0.634	0.038	0.040	0.289
0.960	0.024	0.012	0.003
0.895	0.028	0.020	0.057
0.011	0.981	0.005	0.003
0.046	0.340	0.379	0.235
0.054	0.080	0.804	0.062
0.147	0.300	0.061	0.493
0.031	0.508	0.014	0.447

>AGGGGAATCCCCT	MA0105.4:::NFKB1	5.64
0.688	0.164	0.081	0.067
0.000	0.000	0.999	0.000
0.000	0.000	1.000	0.000
0.000	0.000	0.983	0.016
0.012	0.000	0.987	0.001
0.930	0.005	0.064	0.002
0.508	0.001	0.002	0.489
0.001	0.083	0.007	0.908
0.002	0.984	0.000	0.013
0.050	0.950	0.000	0.000
0.000	0.999	0.000	0.000
0.001	0.998	0.000	0.001
0.081	0.085	0.219	0.615

>TAATCGATTA	MA0780.1:::PAX3	5.64
0.189	0.023	0.037	0.751
0.980	0.004	0.012	0.004
0.994	0.003	0.002	0.002
0.001	0.013	0.002	0.984
0.001	0.657	0.008	0.334
0.336	0.006	0.658	0.001
0.986	0.003	0.007	0.004
0.000	0.002	0.002	0.996
0.007	0.012	0.005	0.976
0.842	0.025	0.021	0.112

>TGACAGGTGTCA	MA0783.1:::PKNOX2	5.64
0.030	0.000	0.007	0.963
0.001	0.004	0.995	0.000
0.981	0.003	0.011	0.005
0.000	0.993	0.000	0.007
0.996	0.000	0.001	0.003
0.005	0.000	0.912	0.083
0.037	0.291	0.672	0.000
0.000	0.003	0.000	0.997
0.002	0.001	0.997	0.000
0.008	0.024	0.004	0.964
0.009	0.984	0.005	0.002
0.975	0.001	0.017	0.007

>TTATGCAAATTA	MA0787.1:::POU3F2	5.64
0.388	0.040	0.112	0.460
0.104	0.042	0.026	0.828
0.969	0.012	0.019	0.000
0.021	0.022	0.009	0.949
0.014	0.007	0.936	0.043
0.036	0.685	0.081	0.197
0.530	0.003	0.001	0.466
0.933	0.012	0.023	0.032
0.986	0.005	0.000	0.010
0.045	0.014	0.020	0.922
0.086	0.104	0.284	0.527
0.544	0.110	0.110	0.236

>ATTATGCTAATTT	MA0788.1:::POU3F3	5.64
0.534	0.070	0.127	0.269
0.352	0.033	0.105	0.510
0.097	0.043	0.048	0.812
0.953	0.010	0.011	0.027
0.021	0.028	0.041	0.910
0.018	0.008	0.901	0.072
0.018	0.688	0.075	0.219
0.467	0.004	0.001	0.528
0.866	0.009	0.062	0.063
0.969	0.005	0.013	0.013
0.046	0.017	0.010	0.927
0.142	0.083	0.140	0.636
0.419	0.067	0.090	0.424

>TATGCAAAT	MA0789.1:::POU3F4	5.64
0.075	0.028	0.011	0.886
0.990	0.002	0.006	0.002
0.005	0.005	0.002	0.987
0.005	0.002	0.972	0.021
0.009	0.771	0.042	0.178
0.577	0.001	0.005	0.418
0.879	0.026	0.025	0.070
0.973	0.004	0.008	0.015
0.057	0.020	0.024	0.899

>TATGCAAAT	MA0792.1:::POU5F1B	5.64
0.099	0.132	0.060	0.709
0.982	0.002	0.007	0.009
0.017	0.035	0.020	0.928
0.027	0.008	0.812	0.153
0.026	0.633	0.086	0.255
0.654	0.005	0.007	0.334
0.834	0.013	0.075	0.078
0.963	0.007	0.010	0.021
0.126	0.043	0.061	0.770

>CAAGACGCCTTA	MA0794.1:::PROX1	5.64
0.052	0.446	0.161	0.341
0.955	0.005	0.027	0.013
0.828	0.056	0.012	0.103
0.018	0.000	0.981	0.000
0.969	0.006	0.024	0.001
0.009	0.980	0.000	0.010
0.004	0.001	0.914	0.081
0.003	0.500	0.002	0.495
0.001	0.990	0.004	0.005
0.001	0.001	0.037	0.961
0.005	0.048	0.011	0.937
0.634	0.164	0.180	0.022

>CGTCTAGACA	MA0795.1:::SMAD3	5.64
0.134	0.443	0.021	0.402
0.006	0.005	0.985	0.005
0.028	0.008	0.022	0.942
0.003	0.993	0.003	0.002
0.000	0.013	0.009	0.978
0.985	0.008	0.006	0.000
0.000	0.003	0.996	0.001
0.931	0.053	0.001	0.015
0.006	0.986	0.003	0.006
0.698	0.087	0.063	0.152

>TGACAGCTGTCA	MA0796.1:::TGIF1	5.64
0.003	0.001	0.000	0.996
0.001	0.001	0.998	0.000
0.997	0.000	0.002	0.000
0.000	0.999	0.000	0.001
0.997	0.001	0.002	0.000
0.001	0.001	0.927	0.070
0.033	0.780	0.186	0.001
0.000	0.005	0.001	0.994
0.001	0.001	0.998	0.001
0.004	0.002	0.000	0.994
0.003	0.995	0.001	0.001
0.991	0.002	0.004	0.004

>TGACAGCTGTCA	MA0797.1:::TGIF2	5.64
0.037	0.033	0.012	0.918
0.008	0.004	0.984	0.004
0.953	0.003	0.032	0.013
0.010	0.972	0.004	0.013
0.972	0.002	0.022	0.003
0.021	0.017	0.783	0.178
0.112	0.557	0.324	0.007
0.006	0.033	0.005	0.956
0.012	0.006	0.974	0.007
0.046	0.047	0.009	0.898
0.006	0.974	0.011	0.009
0.923	0.013	0.031	0.033

>AAACCGCAA	MA0511.2:::RUNX2	5.64
0.482	0.136	0.041	0.342
0.738	0.062	0.135	0.065
0.953	0.047	0.000	0.000
0.000	1.000	0.000	0.000
0.000	1.000	0.000	0.000
0.282	0.005	0.695	0.018
0.000	1.000	0.000	0.000
0.855	0.061	0.059	0.025
0.635	0.102	0.171	0.092

>AGGTGTGA	MA0801.1:::MGA	5.64
0.682	0.026	0.199	0.093
0.107	0.092	0.753	0.048
0.001	0.016	0.980	0.003
0.000	0.104	0.003	0.893
0.000	0.000	0.999	0.000
0.030	0.088	0.011	0.871
0.017	0.044	0.774	0.164
0.959	0.003	0.029	0.009

>AGGTGTGA	MA0803.1:::TBX15	5.64
0.925	0.007	0.058	0.010
0.041	0.009	0.941	0.009
0.002	0.001	0.998	0.000
0.006	0.016	0.022	0.956
0.000	0.001	0.999	0.000
0.012	0.038	0.028	0.921
0.004	0.038	0.880	0.078
0.957	0.006	0.028	0.009

>AGGTGTGA	MA0805.1:::TBX1	5.64
0.876	0.008	0.074	0.041
0.105	0.048	0.802	0.045
0.000	0.000	1.000	0.000
0.002	0.017	0.011	0.969
0.000	0.000	1.000	0.000
0.011	0.048	0.009	0.932
0.010	0.052	0.863	0.075
0.996	0.003	0.002	0.000

>AGGTGTGA	MA0806.1:::TBX4	5.64
0.821	0.019	0.104	0.056
0.122	0.092	0.739	0.046
0.002	0.010	0.986	0.002
0.000	0.080	0.009	0.910
0.000	0.000	1.000	0.000
0.066	0.122	0.013	0.798
0.040	0.160	0.552	0.248
0.850	0.027	0.079	0.044

>AGGTGTGA	MA0807.1:::TBX5	5.64
0.719	0.035	0.163	0.083
0.099	0.080	0.764	0.056
0.000	0.000	0.985	0.015
0.021	0.061	0.077	0.841
0.015	0.000	0.985	0.000
0.068	0.094	0.084	0.754
0.036	0.178	0.521	0.264
0.720	0.030	0.137	0.113

>ACATTCCA	MA0808.1:::TEAD3	5.64
0.554	0.003	0.394	0.049
0.115	0.865	0.020	0.000
1.000	0.000	0.000	0.000
0.000	0.000	0.000	1.000
0.204	0.001	0.043	0.752
0.000	1.000	0.000	0.000
0.000	1.000	0.000	0.000
0.479	0.023	0.193	0.305

>TGCCCTGAGGGCA	MA0813.1:::TFAP2B	5.64
0.234	0.117	0.073	0.575
0.000	0.236	0.764	0.000
0.000	1.000	0.000	0.000
0.000	1.000	0.000	0.000
0.005	0.826	0.023	0.145
0.027	0.390	0.110	0.474
0.116	0.272	0.309	0.303
0.490	0.168	0.308	0.034
0.245	0.044	0.702	0.009
0.000	0.000	1.000	0.000
0.000	0.000	1.000	0.000
0.000	0.846	0.154	0.000
0.560	0.091	0.154	0.195

>TGCCCTGAGGGCA	MA0815.1:::TFAP2C	5.64
0.208	0.137	0.084	0.572
0.000	0.217	0.783	0.000
0.000	1.000	0.000	0.000
0.000	1.000	0.000	0.000
0.007	0.824	0.038	0.131
0.033	0.369	0.149	0.449
0.139	0.348	0.352	0.162
0.417	0.149	0.405	0.030
0.132	0.038	0.822	0.007
0.000	0.000	1.000	0.000
0.000	0.000	1.000	0.000
0.000	0.804	0.196	0.000
0.574	0.078	0.154	0.195

>AGCAGCTGCT	MA0816.1:::ASCL2	5.64
0.673	0.102	0.179	0.045
0.374	0.120	0.503	0.003
0.010	0.987	0.000	0.003
0.952	0.000	0.000	0.048
0.020	0.066	0.862	0.052
0.010	0.980	0.007	0.003
0.013	0.000	0.000	0.987
0.000	0.003	0.990	0.007
0.019	0.642	0.047	0.293
0.094	0.279	0.077	0.550

>TGGCACGTGCCA	MA0822.1:::HES7	5.64
0.090	0.424	0.023	0.463
0.013	0.010	0.976	0.002
0.078	0.014	0.907	0.001
0.001	0.998	0.000	0.002
0.995	0.002	0.004	0.000
0.000	1.000	0.000	0.000
0.002	0.001	0.997	0.001
0.002	0.002	0.001	0.996
0.001	0.001	0.998	0.000
0.004	0.946	0.003	0.047
0.000	0.990	0.005	0.005
0.508	0.025	0.394	0.073

>GACACGTGCC	MA0823.1:::HEY1	5.64
0.131	0.228	0.536	0.105
0.411	0.197	0.359	0.033
0.000	0.994	0.001	0.004
0.950	0.009	0.035	0.006
0.000	1.000	0.000	0.000
0.000	0.005	0.995	0.000
0.000	0.124	0.003	0.873
0.009	0.006	0.979	0.006
0.100	0.528	0.114	0.259
0.142	0.651	0.112	0.095

>AACATATGTT	MA0826.1:::OLIG1	5.64
0.852	0.018	0.114	0.015
0.521	0.364	0.116	0.000
0.005	0.995	0.000	0.000
0.981	0.000	0.012	0.007
0.001	0.001	0.010	0.988
0.991	0.007	0.001	0.001
0.017	0.015	0.000	0.969
0.000	0.000	0.994	0.006
0.001	0.183	0.401	0.415
0.033	0.188	0.017	0.762

>ACCATATGTT	MA0827.1:::OLIG3	5.64
0.715	0.076	0.159	0.049
0.376	0.524	0.098	0.003
0.104	0.895	0.000	0.001
0.936	0.005	0.048	0.011
0.000	0.013	0.036	0.951
0.944	0.051	0.005	0.000
0.025	0.102	0.001	0.872
0.002	0.002	0.871	0.125
0.011	0.254	0.347	0.388
0.080	0.290	0.053	0.577

>ATTGCGCAAT	MA0838.1:::CEBPG	5.64
0.616	0.118	0.253	0.014
0.009	0.005	0.010	0.977
0.002	0.001	0.042	0.955
0.409	0.000	0.577	0.014
0.005	0.972	0.001	0.021
0.061	0.008	0.914	0.017
0.024	0.924	0.002	0.050
0.997	0.000	0.002	0.001
0.997	0.000	0.001	0.002
0.007	0.418	0.016	0.558

>TATGTAAATAT	MA0845.1:::FOXB1	5.64
0.328	0.037	0.026	0.609
0.697	0.034	0.195	0.073
0.266	0.029	0.055	0.651
0.142	0.007	0.837	0.015
0.024	0.033	0.015	0.928
0.700	0.279	0.011	0.010
0.920	0.029	0.000	0.051
0.957	0.007	0.007	0.030
0.004	0.323	0.015	0.658
0.957	0.000	0.022	0.021
0.249	0.084	0.081	0.586

>TATGTAAATAT	MA0032.2:::FOXC1	5.64
0.330	0.039	0.016	0.615
0.695	0.035	0.202	0.067
0.344	0.088	0.106	0.462
0.257	0.018	0.722	0.003
0.108	0.072	0.017	0.803
0.707	0.290	0.001	0.002
0.991	0.006	0.000	0.003
0.984	0.003	0.008	0.006
0.006	0.468	0.009	0.517
0.966	0.001	0.023	0.010
0.317	0.074	0.052	0.557

>GTAAACA	MA0848.1:::FOXO4	5.64
0.236	0.002	0.762	0.000
0.058	0.012	0.021	0.909
0.804	0.188	0.005	0.003
0.967	0.026	0.003	0.004
0.982	0.000	0.016	0.002
0.009	0.837	0.005	0.149
0.989	0.002	0.002	0.007

>GTAAACA	MA0849.1:::FOXO6	5.64
0.171	0.000	0.829	0.000
0.021	0.000	0.004	0.974
0.859	0.140	0.001	0.000
0.970	0.027	0.000	0.004
1.000	0.000	0.000	0.000
0.000	0.944	0.004	0.052
0.998	0.000	0.002	0.000

>GTAAACA	MA0850.1:::FOXP3	5.64
0.351	0.000	0.649	0.000
0.071	0.184	0.000	0.746
0.872	0.000	0.000	0.128
0.925	0.000	0.039	0.035
0.767	0.055	0.178	0.000
0.000	0.748	0.113	0.138
0.921	0.000	0.079	0.000

>GGGGTCAAAGGTCA	MA0855.1:::RXRB	5.64
0.278	0.066	0.613	0.043
0.307	0.001	0.691	0.001
0.004	0.000	0.994	0.003
0.000	0.000	0.881	0.119
0.000	0.000	0.002	0.997
0.005	0.934	0.015	0.046
0.998	0.000	0.002	0.000
0.974	0.001	0.020	0.005
0.963	0.000	0.037	0.000
0.000	0.000	0.998	0.002
0.000	0.000	0.923	0.077
0.000	0.000	0.004	0.995
0.002	0.959	0.014	0.025
0.948	0.002	0.049	0.000

>GGGGTCAAAGGTCA	MA0856.1:::RXRG	5.64
0.224	0.109	0.613	0.054
0.404	0.002	0.594	0.001
0.002	0.000	0.995	0.003
0.004	0.000	0.846	0.150
0.000	0.001	0.003	0.996
0.000	0.924	0.012	0.064
0.998	0.000	0.002	0.000
0.957	0.000	0.027	0.016
0.953	0.000	0.047	0.000
0.000	0.000	0.999	0.001
0.000	0.000	0.877	0.123
0.000	0.000	0.004	0.996
0.001	0.926	0.017	0.056
0.939	0.001	0.059	0.001

>AAAGGTCAAAAGGTCA	MA0857.1:::RARB	5.64
0.563	0.132	0.093	0.212
0.788	0.019	0.140	0.053
0.842	0.001	0.156	0.000
0.000	0.000	0.999	0.001
0.000	0.001	0.984	0.016
0.003	0.002	0.008	0.986
0.001	0.987	0.007	0.006
0.991	0.000	0.009	0.000
0.941	0.007	0.002	0.051
0.878	0.002	0.105	0.015
0.981	0.000	0.019	0.000
0.001	0.000	0.999	0.000
0.000	0.000	0.867	0.133
0.001	0.005	0.002	0.992
0.001	0.992	0.001	0.006
0.997	0.000	0.002	0.001

>AGGTCAACTAAAGGTCA	MA0858.1:::RARB	5.64
0.936	0.005	0.060	0.000
0.000	0.001	0.999	0.000
0.003	0.001	0.964	0.032
0.000	0.003	0.000	0.997
0.001	0.994	0.003	0.001
0.995	0.000	0.005	0.000
0.406	0.291	0.021	0.283
0.353	0.357	0.199	0.091
0.056	0.355	0.172	0.417
0.653	0.051	0.061	0.235
0.638	0.006	0.349	0.006
0.944	0.000	0.055	0.001
0.001	0.001	0.997	0.000
0.000	0.003	0.959	0.038
0.000	0.004	0.006	0.990
0.000	0.995	0.000	0.005
0.996	0.000	0.003	0.001

>AAGGTCACGAAAGGTCA	MA0860.1:::RARG	5.64
0.828	0.002	0.164	0.006
0.943	0.001	0.055	0.000
0.000	0.001	0.999	0.000
0.000	0.000	0.965	0.035
0.000	0.003	0.003	0.995
0.000	1.000	0.000	0.000
0.996	0.001	0.003	0.000
0.266	0.511	0.074	0.149
0.061	0.347	0.476	0.116
0.681	0.101	0.117	0.100
0.550	0.012	0.427	0.011
0.805	0.007	0.187	0.000
0.000	0.000	1.000	0.000
0.000	0.001	0.939	0.059
0.003	0.000	0.000	0.996
0.001	0.994	0.000	0.004
0.998	0.001	0.001	0.000

>AACATGTTGGGACATGTC	MA0525.2:::TP63	5.64
0.582	0.010	0.366	0.042
0.916	0.000	0.075	0.009
0.000	1.000	0.000	0.000
0.966	0.000	0.033	0.002
0.225	0.011	0.000	0.764
0.000	0.000	1.000	0.000
0.004	0.027	0.000	0.968
0.031	0.330	0.008	0.631
0.202	0.149	0.645	0.004
0.034	0.208	0.505	0.253
0.313	0.000	0.672	0.015
0.959	0.000	0.021	0.020
0.000	1.000	0.000	0.000
0.918	0.000	0.000	0.082
0.021	0.175	0.002	0.801
0.000	0.000	1.000	0.000
0.015	0.060	0.000	0.925
0.195	0.582	0.055	0.168

>AACATGCCCGGGCATGTC	MA0106.3:::TP53	5.64
0.433	0.060	0.377	0.130
0.762	0.008	0.176	0.053
0.002	0.957	0.001	0.041
0.882	0.015	0.048	0.055
0.081	0.018	0.006	0.895
0.000	0.000	1.000	0.000
0.013	0.617	0.006	0.365
0.057	0.801	0.019	0.122
0.060	0.627	0.114	0.199
0.221	0.085	0.572	0.122
0.151	0.032	0.752	0.065
0.440	0.002	0.546	0.012
0.000	1.000	0.000	0.000
0.892	0.017	0.011	0.080
0.092	0.006	0.004	0.898
0.016	0.002	0.980	0.003
0.040	0.150	0.005	0.805
0.071	0.446	0.040	0.443

>TTACGTAA	MA0862.1:::GMEB2	5.64
0.074	0.164	0.239	0.523
0.069	0.028	0.239	0.664
0.980	0.000	0.020	0.000
0.016	0.984	0.000	0.000
0.000	0.016	0.984	0.000
0.000	0.081	0.000	0.919
0.733	0.202	0.037	0.028
0.679	0.239	0.068	0.014

>TTTGCACACGGCAC	MA0863.1:::MTF1	5.64
0.018	0.000	0.073	0.909
0.052	0.086	0.172	0.690
0.018	0.018	0.000	0.964
0.029	0.014	0.957	0.000
0.014	0.986	0.000	0.000
0.964	0.000	0.018	0.018
0.027	0.945	0.027	0.000
0.912	0.053	0.018	0.018
0.000	1.000	0.000	0.000
0.014	0.000	0.972	0.014
0.143	0.032	0.667	0.159
0.000	0.887	0.000	0.113
0.708	0.154	0.108	0.031
0.029	0.912	0.015	0.044

>TTTGGCGCCAAA	MA0024.3:::E2F1	5.64
0.248	0.112	0.087	0.552
0.235	0.045	0.098	0.622
0.205	0.035	0.143	0.617
0.053	0.070	0.876	0.001
0.000	0.033	0.967	0.000
0.000	0.997	0.000	0.003
0.000	0.001	0.999	0.000
0.003	0.969	0.028	0.000
0.000	0.857	0.068	0.074
0.628	0.205	0.024	0.143
0.614	0.096	0.070	0.219
0.558	0.067	0.127	0.248

>AACAATGGTAGTGTT	MA0866.1:::SOX21	5.64
0.976	0.005	0.012	0.007
0.864	0.014	0.110	0.013
0.001	0.996	0.002	0.002
0.998	0.000	0.001	0.000
0.996	0.001	0.004	0.000
0.000	0.000	0.002	0.998
0.022	0.001	0.609	0.368
0.121	0.080	0.500	0.299
0.008	0.457	0.005	0.530
0.996	0.001	0.003	0.000
0.004	0.001	0.676	0.319
0.005	0.001	0.005	0.989
0.001	0.000	0.999	0.001
0.002	0.001	0.002	0.995
0.016	0.046	0.028	0.911

>AACAATAACATTGTT	MA0870.1:::SOX1	5.64
0.591	0.171	0.154	0.084
0.931	0.020	0.014	0.034
0.000	1.000	0.000	0.000
0.992	0.005	0.000	0.003
0.877	0.123	0.000	0.000
0.006	0.000	0.000	0.994
0.628	0.002	0.134	0.237
0.338	0.219	0.227	0.217
0.002	0.963	0.021	0.014
1.000	0.000	0.000	0.000
0.000	0.000	0.095	0.905
0.000	0.006	0.000	0.994
0.000	0.000	1.000	0.000
0.029	0.096	0.021	0.854
0.096	0.142	0.114	0.648

>TGCCCTGAGGGCA	MA0872.1:::TFAP2A	5.64
0.189	0.111	0.097	0.603
0.000	0.208	0.792	0.000
0.000	1.000	0.000	0.000
0.000	1.000	0.000	0.000
0.035	0.803	0.068	0.094
0.038	0.364	0.147	0.451
0.126	0.339	0.366	0.168
0.399	0.161	0.386	0.054
0.111	0.038	0.820	0.031
0.000	0.000	1.000	0.000
0.000	0.000	1.000	0.000
0.000	0.750	0.250	0.000
0.563	0.080	0.155	0.203

>CATTCATTCATTC	MA1124.1:::ZNF24	5.64
0.088	0.732	0.058	0.122
0.774	0.078	0.084	0.064
0.041	0.090	0.032	0.837
0.019	0.023	0.020	0.938
0.014	0.950	0.005	0.031
0.963	0.009	0.021	0.006
0.004	0.038	0.005	0.952
0.008	0.014	0.008	0.970
0.015	0.947	0.004	0.034
0.946	0.017	0.025	0.012
0.043	0.088	0.035	0.833
0.042	0.091	0.045	0.822
0.088	0.760	0.037	0.115

>TGCACACACTGAAAA	MA1155.1:::ZSCAN4	5.64
0.121	0.180	0.053	0.646
0.143	0.001	0.856	0.000
0.000	0.999	0.001	0.000
0.998	0.000	0.000	0.002
0.000	1.000	0.000	0.000
0.997	0.000	0.002	0.002
0.002	0.957	0.000	0.041
0.524	0.254	0.217	0.005
0.004	0.995	0.000	0.001
0.004	0.006	0.042	0.948
0.001	0.023	0.874	0.102
0.615	0.059	0.127	0.199
0.811	0.185	0.000	0.004
0.998	0.000	0.002	0.001
0.557	0.111	0.203	0.128

>GATGACGTCAT	MA1127.1:::FOSB::JUN	5.64
0.193	0.070	0.575	0.162
0.649	0.087	0.216	0.048
0.012	0.010	0.012	0.966
0.017	0.010	0.873	0.100
0.955	0.008	0.017	0.020
0.048	0.885	0.025	0.042
0.075	0.014	0.897	0.014
0.025	0.057	0.014	0.904
0.247	0.697	0.020	0.036
0.949	0.016	0.014	0.021
0.092	0.261	0.053	0.594

>ATGACGTCAT	MA1129.1:::FOSL1::JUN	5.64
0.639	0.069	0.266	0.026
0.028	0.030	0.024	0.918
0.033	0.056	0.671	0.240
0.825	0.026	0.106	0.043
0.022	0.845	0.038	0.095
0.093	0.036	0.847	0.024
0.041	0.105	0.027	0.827
0.238	0.669	0.058	0.035
0.917	0.022	0.031	0.030
0.024	0.264	0.071	0.641

>ATGACGTCAT	MA1136.1:::FOSB::JUNB	5.64
0.561	0.059	0.368	0.012
0.030	0.036	0.016	0.918
0.013	0.046	0.699	0.242
0.868	0.044	0.060	0.028
0.030	0.842	0.027	0.101
0.052	0.035	0.893	0.020
0.056	0.080	0.028	0.836
0.173	0.776	0.036	0.015
0.923	0.016	0.030	0.031
0.011	0.260	0.065	0.664

>CCGAAACCGAAACT	MA1420.1:::IRF5	5.64
0.131	0.631	0.082	0.157
0.041	0.731	0.070	0.157
0.038	0.008	0.902	0.053
0.937	0.008	0.025	0.029
0.809	0.018	0.014	0.159
0.974	0.000	0.022	0.004
0.005	0.973	0.000	0.022
0.000	0.831	0.000	0.169
0.207	0.059	0.719	0.016
0.922	0.045	0.029	0.004
0.744	0.022	0.090	0.144
0.668	0.251	0.036	0.045
0.117	0.692	0.101	0.089
0.078	0.284	0.082	0.557

>AAAGATCAAAGG	MA1421.1:::TCF7L1	5.64
0.686	0.126	0.038	0.151
0.783	0.034	0.148	0.034
0.970	0.000	0.000	0.030
0.000	0.200	0.764	0.036
0.799	0.045	0.065	0.090
0.000	0.034	0.052	0.914
0.030	0.970	0.000	0.000
0.981	0.012	0.006	0.000
1.000	0.000	0.000	0.000
0.988	0.000	0.012	0.000
0.000	0.052	0.919	0.029
0.176	0.057	0.711	0.057

>AACATATGTC	MA1468.1:::ATOH7	5.64
0.703	0.096	0.140	0.061
0.424	0.296	0.216	0.063
0.000	1.000	0.000	0.000
0.817	0.000	0.117	0.067
0.017	0.119	0.066	0.798
0.734	0.186	0.080	0.000
0.000	0.033	0.033	0.934
0.000	0.000	1.000	0.000
0.007	0.218	0.367	0.409
0.023	0.547	0.003	0.427

>GCAACAGCTGTTAC	MA1485.1:::FERD3L	5.64
0.067	0.002	0.924	0.007
0.015	0.659	0.011	0.314
0.486	0.083	0.429	0.002
0.520	0.316	0.106	0.058
0.001	0.999	0.000	0.000
0.987	0.004	0.004	0.005
0.000	0.024	0.843	0.134
0.108	0.878	0.014	0.000
0.003	0.004	0.007	0.986
0.000	0.000	1.000	0.000
0.043	0.131	0.115	0.712
0.003	0.293	0.200	0.504
0.719	0.020	0.238	0.023
0.000	0.998	0.000	0.002

>GTAAACAA	MA1489.1:::FOXN3	5.64
0.009	0.009	0.973	0.009
0.009	0.009	0.009	0.973
0.973	0.009	0.009	0.009
0.973	0.009	0.009	0.009
0.973	0.009	0.009	0.009
0.009	0.973	0.009	0.009
0.973	0.009	0.009	0.009
0.973	0.009	0.009	0.009

>GGCACGTGTT	MA1493.1:::HES6	5.64
0.023	0.073	0.824	0.081
0.032	0.070	0.873	0.026
0.035	0.896	0.039	0.031
0.956	0.000	0.020	0.024
0.004	0.942	0.019	0.034
0.022	0.026	0.952	0.000
0.000	0.015	0.061	0.924
0.000	0.000	1.000	0.000
0.067	0.043	0.000	0.890
0.180	0.345	0.000	0.475

>ACCGAAACT	MA1509.1:::IRF6	5.64
0.746	0.046	0.182	0.025
0.020	0.794	0.019	0.168
0.000	0.985	0.008	0.007
0.018	0.002	0.977	0.003
0.990	0.000	0.000	0.010
0.870	0.000	0.003	0.127
0.993	0.000	0.006	0.001
0.000	0.995	0.005	0.000
0.036	0.133	0.003	0.828

>AAGGTCATTGACCTT	MA1538.1:::NR2F1	5.64
0.470	0.080	0.362	0.089
0.672	0.020	0.286	0.022
0.011	0.030	0.871	0.088
0.020	0.012	0.949	0.018
0.006	0.023	0.060	0.912
0.005	0.934	0.015	0.045
0.692	0.016	0.291	0.001
0.231	0.243	0.244	0.282
0.000	0.024	0.014	0.961
0.022	0.004	0.970	0.003
0.974	0.026	0.000	0.000
0.000	0.987	0.000	0.013
0.035	0.932	0.020	0.013
0.016	0.263	0.009	0.712
0.088	0.335	0.058	0.519

>AAGGTCACTGACCTT	MA1539.1:::NR2F6	5.64
0.540	0.062	0.318	0.080
0.760	0.002	0.236	0.002
0.003	0.000	0.987	0.010
0.003	0.001	0.984	0.012
0.002	0.006	0.021	0.971
0.000	0.947	0.017	0.036
0.770	0.003	0.223	0.004
0.212	0.284	0.253	0.251
0.005	0.027	0.005	0.962
0.031	0.017	0.951	0.001
0.970	0.021	0.009	0.000
0.013	0.984	0.000	0.003
0.007	0.990	0.001	0.002
0.002	0.241	0.002	0.755
0.077	0.319	0.061	0.543

>GAGGTCATGACCTC	MA1555.1:::RXRB	5.64
0.341	0.105	0.472	0.082
0.497	0.031	0.463	0.008
0.030	0.015	0.904	0.052
0.013	0.018	0.843	0.126
0.017	0.041	0.075	0.867
0.012	0.906	0.021	0.062
0.661	0.008	0.327	0.004
0.006	0.032	0.000	0.963
0.047	0.018	0.930	0.004
0.943	0.028	0.021	0.007
0.144	0.840	0.005	0.011
0.030	0.924	0.016	0.030
0.010	0.472	0.008	0.511
0.069	0.481	0.108	0.342

